Address,Power(Konrad's calculation),WeightedStakes(getPriorWeightedStake),Diff(%)
0x5c3aaC3B13Ae184EA1E8F35fC5d91C0cCE331675,23916164866000000000,25802388760748076857,-7.310268487904249
0x8A06834e2eA22b9BE7775EaC6785A1C964Bd4E11,27000000000000000000,27000000000000000000,0
0x8Fe248C19972559c1c554C6825ce4C724141aa06,12557622308000000000,12557622320223226338,-9.715214941904461e-8
0x72574f1767C5B6730be391d6328e7aA617C4e7D7,122354348970000000000,193919844476237725713,-36.90467868283759
0x714E5C411BeA681aFbd1db903CdB901D6b884Bda,365618398944000000000,365618398957783838509,-3.747076197219771e-9
0x88a02111708505f6497f2Db9970580F95254330C,69296793426000000000,69296793430593100665,-6.493806967436662e-9
0x0b6d741C16Bd042C5a95C63b2c7ba3E775bb634d,4400000000000000000000,4400000000000000000000,0
0xcA18c4A65416c80583597291aD05bf89e2AE22D9,508122071283000000000,508122071308116236595,-4.93975786869148e-9
0x3003c663eE474a4c8a6dCb7769Ded36Abf75229F,4800000000000000000,4800000000000000000,0
0x6714Ff1981fE52937aC424fA3cd283510d882B16,48372523024000000000,48372523032531404440,-1.7571959176677868e-8
0xfa5Ded495f9E027dEdB9Fa3FffbF3e1e27bE5b4D,1437962202124000000000,1437962202136399800000,-8.55377142857203e-10
0x6c1eBdF04F137fA2aA6b7e98D69e99Da5DF1151E,700000000000000000000,700000000000000000000,0
0x7b501c35a7b4634c92611E7e8C2F2258a135A6D6,203200000000000000000,203200000000000000000,0
0x5a880Ed3d970ed1f5C5D9c8153Dc23B5D1015c87,3900000000000000000,3900000000000000000,0
0xa8d39273dB147cfE8f6dBc78D1e9b35986a603A6,3500000000000000000,3500000000000000000,0
0xFEf6042553d8ccABf39bfc49BC3326dAB7fa2b22,86000000000000000000,86000000000000000000,0
0xdd2d28232EC48c2f08447BE78F0a2b6a74cdBa9d,1024768603817000000000,1024768603837657413108,-2.0102099071786727e-9
0x4F1171110e0436529E9D9306D7bd25dadE527457,4600000000000000000,4600000000000000000,0
0x4e22D075361767eFa9EacB1f7187AF8faB12628f,1411000410834000000000,1411000410846343537500,-8.717219290264145e-10
0x089d700d9234107C39704b951690eBcE90fe643c,138600000000000000000,138600000000000000000,0
0xCd2b663Bb04C151D2d374f3960377605825b2b6b,188695747709000000000,188695747740345105000,-1.6587549202792775e-8
0x7B9fC64d45fae6176F2E3f30cA703DBf5362Bc56,6117668431043000000000,6117668431093371140796,-8.222086660393067e-10
0x9B5dFE7965C4A30eAB764ff7abf81b3fa96847Fe,3594905505310000000000,3594905505340999500000,-8.595497142857387e-10
0xa6644Ed799EF46a1fD31ab04671f76A41611d814,34244164990000000000,34244165012118158225,-6.453654218811024e-8
0xAA80fA46977A32FE8f69F0e3765CD9197c1e288E,230497894764000000000,370706862097885102372,-37.822058793400494
0xB65696bE7692F0245Ca15896D1A18335A7984800,214190209858000000000,214190209888998563424,-1.44264296748333e-8
0x14cdf8F84AB910190C86bCCC704f792081b34da8,28434464604000000000,28434464617628994171,-4.7829281060498836e-8
0xDDd37AfE0B39da0335975F3c688725EcE3690c1f,6631932390000000000,4285932413387116476,54.73721352487853
0x17c1842fc116610A533dCC1549C6aFc363065C90,98483500024000000000,98483500085840724400,-6.275162839070413e-8
0xd9Bb2DBF16262A5E3fAd7811602251E1a93f873C,68832945540000000000,149902859306293324050,-54.08163269294419
0x448dBA9a7728251DCaC914B380552187D19F9e4D,119977994458000000000,119977994464654267561,-5.5010087720272384e-9
0x822Df343216Dd41e8Bcd389Eae342117462407A7,1425210456033000000000,3581298069022185703833,-60.204081632831965
0x41400f3A5e2Bae822718e0ba4cd65DE1270BBCb6,309739871328000000000,309739871330998623770,-9.36269517882599e-10
0xa551b98e4Dcf1C02e114fFf359E5A6DdC24C2421,125769711155000000000,125769711187388389275,-2.5681859086006706e-8
0xF83A28D52c1b8dE089943e467B5c8B066A32Bf3f,90000000000000000000000,90000000000000000000000,0
0xE899b76618F150dcCfeabeeF20Dd091A6e20411d,555814008912000000000,555814008921491818094,-1.6912132204514647e-9
0x56f6d65bC755703fD01C2e550a241743f9a8a33C,72421248864000000000,72421248870603781640,-9.113347398624223e-9
0xa193DE0e7a4EcF1103e05995c83bC107a0Dfb802,4478029980000000000,4478029999146117401,-4.2652684336278996e-7
0xA32d657a155B10ee638773D8DFb804a294720687,45613131840000000000,45613131858828684000,-4.1216200760336466e-8
0x431b5DDB0AcE97eBC3d936403ea25831BaD832B6,1310000000000000000000,1310000000000000000000,0
0x83BC4EED00cCC496a8A9a8d1AA594eF0cfB1B599,19093029998000000000,19093030006530531585,-4.451886367489222e-8
0xFE08BB41029b176A0aeD0Ad10eC894a9c93acCeF,20686477305000000000,20686477338304084635,-1.6097472496366833e-7
0x01190DA45dE5151e69D906bE9CB2BdE4d486caF8,718978202124000000000,718978202136401060000,-1.7246698110115374e-9
0xD3EA93B78FB9218b43da2113C0b84fE07b34Bd9f,10309375371924000000000,10309375372016229811794,-8.943315833689397e-10
0x581eA42c3ec995D9aDB6f4239db2218B95fC8570,1800000000000000000,1800000000000000000,0
0x427Bb6b3499d2545887DFb929F126D6E60c03358,4100000000000000000,4100000000000000000,0
0xDd91B25B0103548b5655F5830d16D33f93e65A70,31500000000000000000000,31500000000000000000000,0
0x6e5ba5499bd4BBA442Dc88242F9c7929AD3151eE,3740000000000000000000,3740000000000000000000,0
0x248ccf6d527a38A731C02D44317323A303f66357,3493219754317000000000,3493219754345613800000,-8.187289094658679e-10
0x8982A7B1690DeFe310896768F0852d33B1663382,4460000000000000000000,4460000000000000000000,0
0xC102288F1aDF931C2D26c594b8E455B950744048,73684320668000000000,73684320680305352042,-1.6692832187958936e-8
0x742C95602D7f67b8a5B48a513bcE27B844Bd87A0,44800000000000000000,44800000000000000000,0
0xd67D00aB2D1594446b68b6E42FA723232AE8e5b0,252941729698000000000,252941729707832312593,-3.874410130475911e-9
0xbbee7Dda7013061E027cC00B265d98f592553D98,2359800000000000000000,2359800000000000000000,0
0x83E3187D3D64749B252d93A98E501C18c9974F2f,87162879510000000000,87162879523978613157,-1.5947155573478535e-8
0x688f03D4692161469e511720D6F55e8c01E71085,671635827282000000000,671635827300725637000,-2.7842469445317084e-9
0xd17987b252197D2bE8Ba7b87C3ee46dc14515d79,842180436768000000000,842180436772102128000,-4.868315411973276e-10
0x3028e0653ff6A08e93B594F1C99652feF548e0ad,395000000000000000000,245000000000000000000,61.224489795918366
0xD0789AC5946A2dc78dE3770DD6C4A97F7D845981,39762177136000000000,39762177141112103856,-1.2826259442238658e-8
0x81B8360468F7D79dc143681E8011FF6F8541E927,476033278484000000000,476033278553820891000,-1.4662840424109422e-8
0xd4c4Acb86327886D26cBB77BE4772F4CFD8676ed,138360668628000000000,138360668651345160990,-1.6840045821635367e-8
0x7a864c3d1FcAd4E86d261A720AD8dF6B9859A0Df,155000000000000000000,155000000000000000000,0
0x26Ce0D5b3ea8F5ee71145B84c7c4185306e858ed,110745505134000000000,110745505138471580770,-3.973073213672435e-9
0xBc4d531548A2dc3E43a851b1a15261780d8B8177,1314742341052000000000,1314742341056096979160,-3.0424212220831065e-10
0xC504E005504C2207e74CA847Be48DeE5040aD9D5,13120818777000000000,13120818789272654568,-9.298200208391001e-8
0xBf7271798AE210eBDD6D26a7D2e944592E7c7e1b,16285794964000000000,16285794979684568816,-9.578899906047543e-8
0x1A08De0ce161ce2796Dd000873c7716bdf5D39c1,3200000000000000000,3200000000000000000,0
0xaF1B75568c5649ae543694109fBf93f65263e19D,1773903505264000000000,1773903505271537377819,-4.227963909937766e-10
0x6C54dEE0A69E004bbe0F64c377278c5114e79fA1,1625000000000000000000,1625000000000000000000,0
