Address,Power(Konrad's calculation),WeightedStakes(getPriorWeightedStake),Diff(%)
0x5c3aaC3B13Ae184EA1E8F35fC5d91C0cCE331675,23916164866000000000,25802388760748076857,-7.310268485389646
0x8A06834e2eA22b9BE7775EaC6785A1C964Bd4E11,27000000000000000000,27000000000000000000,0
0x8Fe248C19972559c1c554C6825ce4C724141aa06,12557622308000000000,12557622320223226338,-9.555949123336909e-8
0x72574f1767C5B6730be391d6328e7aA617C4e7D7,119798438418000000000,193919844476237725713,-38.22270292052212
0x714E5C411BeA681aFbd1db903CdB901D6b884Bda,365618398944000000000,365618398957783838509,-3.5556197491934527e-9
0x88a02111708505f6497f2Db9970580F95254330C,65996946120000000000,69296793430593100665,-4.761904767402165
0x0b6d741C16Bd042C5a95C63b2c7ba3E775bb634d,4400000000000000000000,4400000000000000000000,0
0xcA18c4A65416c80583597291aD05bf89e2AE22D9,508122071283000000000,508122071308116236595,-4.920077558458617e-9
0x3003c663eE474a4c8a6dCb7769Ded36Abf75229F,4800000000000000000,4800000000000000000,0
0x6714Ff1981fE52937aC424fA3cd283510d882B16,48372523024000000000,48372523032531404440,-1.653831451939718e-8
0xfa5Ded495f9E027dEdB9Fa3FffbF3e1e27bE5b4D,1437962202124000000000,1437962202136399800000,-8.345142857145184e-10
0x6c1eBdF04F137fA2aA6b7e98D69e99Da5DF1151E,700000000000000000000,700000000000000000000,0
0x7b501c35a7b4634c92611E7e8C2F2258a135A6D6,203200000000000000000,203200000000000000000,0
0x5a880Ed3d970ed1f5C5D9c8153Dc23B5D1015c87,3900000000000000000,3900000000000000000,0
0xa8d39273dB147cfE8f6dBc78D1e9b35986a603A6,3500000000000000000,3500000000000000000,0
0xFEf6042553d8ccABf39bfc49BC3326dAB7fa2b22,84000000000000000000,86000000000000000000,-2.3255813953488373
0xdd2d28232EC48c2f08447BE78F0a2b6a74cdBa9d,1024768603817000000000,1024768603837657413108,-1.9516601040581066e-9
0x4F1171110e0436529E9D9306D7bd25dadE527457,4600000000000000000,4600000000000000000,0
0x4e22D075361767eFa9EacB1f7187AF8faB12628f,1411000410834000000000,1411000410846343537500,-8.504604185625364e-10
0x089d700d9234107C39704b951690eBcE90fe643c,138600000000000000000,138600000000000000000,0
0xCd2b663Bb04C151D2d374f3960377605825b2b6b,188695747709000000000,188695747740345105000,-1.6428563108223438e-8
0x7B9fC64d45fae6176F2E3f30cA703DBf5362Bc56,6117668431043000000000,6117668431093371140796,-8.173048370172436e-10
0x9B5dFE7965C4A30eAB764ff7abf81b3fa96847Fe,3594905505310000000000,3594905505340999500000,-8.345142857145184e-10
0xa6644Ed799EF46a1fD31ab04671f76A41611d814,34244164990000000000,34244165012118158225,-6.424452163541046e-8
0xAA80fA46977A32FE8f69F0e3765CD9197c1e288E,230497894764000000000,370706862097885102372,-37.82205879326631
0xB65696bE7692F0245Ca15896D1A18335A7984800,214190209858000000000,214190209888998563424,-1.4006242402809629e-8
0x14cdf8F84AB910190C86bCCC704f792081b34da8,28434464604000000000,28434464617628994171,-4.5719165720559206e-8
0xDDd37AfE0B39da0335975F3c688725EcE3690c1f,6631932390000000000,4285932413387116476,54.737213538042795
0x17c1842fc116610A533dCC1549C6aFc363065C90,98483500024000000000,98483500085840724400,-6.193930957708813e-8
0xd9Bb2DBF16262A5E3fAd7811602251E1a93f873C,68832945540000000000,149902859306293324050,-54.081632692882934
0x448dBA9a7728251DCaC914B380552187D19F9e4D,119977994458000000000,119977994464654267561,-5.0009170655043165e-9
0x822Df343216Dd41e8Bcd389Eae342117462407A7,1425210456033000000000,3581298069022185703833,-60.20408163283085
0x41400f3A5e2Bae822718e0ba4cd65DE1270BBCb6,283928215384000000000,309739871330998623770,-8.333333333925227
0xa551b98e4Dcf1C02e114fFf359E5A6DdC24C2421,125769711155000000000,125769711187388389275,-2.544332788712616e-8
0xF83A28D52c1b8dE089943e467B5c8B066A32Bf3f,90000000000000000000000,90000000000000000000000,0
0xE899b76618F150dcCfeabeeF20Dd091A6e20411d,555814008912000000000,555814008921491818094,-1.6192467004334188e-9
0x56f6d65bC755703fD01C2e550a241743f9a8a33C,72421248864000000000,72421248870603781640,-8.284861271545207e-9
0xa193DE0e7a4EcF1103e05995c83bC107a0Dfb802,4478029980000000000,4478029999146117401,-4.2429371853790476e-7
0xA32d657a155B10ee638773D8DFb804a294720687,44852912976000000000,45613131858828684000,-1.6666667054712814
0x431b5DDB0AcE97eBC3d936403ea25831BaD832B6,1310000000000000000000,1310000000000000000000,0
0x83BC4EED00cCC496a8A9a8d1AA594eF0cfB1B599,19093029998000000000,19093030006530531585,-4.1900106989231117e-8
0xFE08BB41029b176A0aeD0Ad10eC894a9c93acCeF,20686477305000000000,20686477338304084635,-1.5952450221856135e-7
0x01190DA45dE5151e69D906bE9CB2BdE4d486caF8,718978202124000000000,718978202136401060000,-1.6690353009798358e-9
0xD3EA93B78FB9218b43da2113C0b84fE07b34Bd9f,10309375371924000000000,10309375372016229811794,-8.923916016262912e-10
0x581eA42c3ec995D9aDB6f4239db2218B95fC8570,1800000000000000000,1800000000000000000,0
0x427Bb6b3499d2545887DFb929F126D6E60c03358,4100000000000000000,4100000000000000000,0
0xDd91B25B0103548b5655F5830d16D33f93e65A70,31500000000000000000000,31500000000000000000000,0
0x6e5ba5499bd4BBA442Dc88242F9c7929AD3151eE,3720000000000000000000,3740000000000000000000,-0.53475935828877
0x248ccf6d527a38A731C02D44317323A303f66357,3493219754317000000000,3493219754345613800000,-8.015527784981901e-10
0x8982A7B1690DeFe310896768F0852d33B1663382,4460000000000000000000,4460000000000000000000,0
0xC102288F1aDF931C2D26c594b8E455B950744048,73684320668000000000,73684320680305352042,-1.6285689939538436e-8
0x742C95602D7f67b8a5B48a513bcE27B844Bd87A0,44800000000000000000,44800000000000000000,0
0xd67D00aB2D1594446b68b6E42FA723232AE8e5b0,252941729698000000000,252941729707832312593,-3.558131752489131e-9
0xbbee7Dda7013061E027cC00B265d98f592553D98,2359800000000000000000,2359800000000000000000,0
0x83E3187D3D64749B252d93A98E501C18c9974F2f,85843430218000000000,87162879523978613157,-1.5137743408899564
0x688f03D4692161469e511720D6F55e8c01E71085,639653168840000000000,671635827300725637000,-4.7619047644571655
0xd17987b252197D2bE8Ba7b87C3ee46dc14515d79,842180436768000000000,842180436772102128000,-4.749576011681809e-10
0x3028e0653ff6A08e93B594F1C99652feF548e0ad,382500000000000000000,245000000000000000000,56.12244897959183
0xD0789AC5946A2dc78dE3770DD6C4A97F7D845981,39762177136000000000,39762177141112103856,-1.2574764159089134e-8
0x81B8360468F7D79dc143681E8011FF6F8541E927,476033278484000000000,476033278553820891000,-1.449478494649356e-8
0xd4c4Acb86327886D26cBB77BE4772F4CFD8676ed,137360668628000000000,138360668651345160990,-0.7227487643344607
0x7a864c3d1FcAd4E86d261A720AD8dF6B9859A0Df,155000000000000000000,155000000000000000000,0
0x26Ce0D5b3ea8F5ee71145B84c7c4185306e858ed,110745505134000000000,110745505138471580770,-3.6118847397152585e-9
0xBc4d531548A2dc3E43a851b1a15261780d8B8177,1314742341052000000000,1314742341056096979160,-3.0424212220831065e-10
0xC504E005504C2207e74CA847Be48DeE5040aD9D5,13120818777000000000,13120818789272654568,-9.145770696917443e-8
0xBf7271798AE210eBDD6D26a7D2e944592E7c7e1b,16285794964000000000,16285794979684568816,-9.210480679231201e-8
0x1A08De0ce161ce2796Dd000873c7716bdf5D39c1,3200000000000000000,3200000000000000000,0
0xaF1B75568c5649ae543694109fBf93f65263e19D,1773903505264000000000,1773903505271537377819,-3.9460996492763606e-10
0x6C54dEE0A69E004bbe0F64c377278c5114e79fA1,1615000000000000000000,1625000000000000000000,-0.6153846153846154
0xDdD6dF63f28077e67F22F9531AddC279f041032F,695575593337000000000,695575593389302744000,-7.475822972258753e-9
0xc25CcA58b149ff5e1752042567648Ba5381e4349,24448736284000000000,24448736293668673802,-3.681171857776887e-8
0xB9Af8F3FBb6660FaDCF2Db421FC2a08E14Eb88C6,56254533192000000000,56254533203542654015,-1.9553979694943732e-8
0x88366EFa29326b48C7F769aDB206007889178438,110000000000000000000,115500000000000000000,-4.761904761904762
0x23B1fb82c3F86c62473D7c2f5c46BB8bE3f0A4d3,1260000000000000000000,1370000000000000000000,-8.02919708029197
0xCb5503e358cA8A41cCc2b2F5a502459dF193884b,14500000000000000000,14500000000000000000,0
0xDE3fa0cf9Edd3dA75162C1B998cbC6527e3ca017,47432194216000000000,47432194226428829707,-2.108272696041224e-8
0xfe4909B49995A646f7BabF579BC5B4Ca8DeDc13b,681926567901000000000,681926567972250619430,-1.041167822675524e-8
0xC1926E9300aec5054657479D993491cb6751c187,47745999999902000000000,49786000000078784552000,-4.097537460677306
0x671993e3190f696cEAA67AEf02c10fED01A020Da,10968000000000000000000,11068000000000000000000,-0.9035056017347307
0x00Fb98b676e6677b9B20c5A2A1Ed51D45734FFea,10230697275000000000,10230697290351088750,-1.4661757233949007e-7
0x96efB884224B41B09Cfd6F4a06F9E35E59DD69b4,26400000000000000000,26400000000000000000,0
0x2907420c93aa200D654F198d55C51544A8128479,2275348418196000000000,2275348418241577546000,-1.977719088612727e-9
0x28a5FDb835981385fE1658c22B1c439dc6c9A302,36300000000000000000,36300000000000000000,0
0x064823bff2072457bF54842c9A4C039c7a7B4b8C,183558956436000000000,183558956450287590000,-7.626977332382846e-9
0xb6B78Efe928dd52b8F1ac60657Fd00355a7d0815,224177033925000000000,227177033928332081991,-1.3205560223797976
0xcA332DB422b265d804BebCb61D037f0F2Dab5F80,8375000000000000000000,8375000000000000000000,0
0x8D51cC24A8cA14d48982b9859077188a9a819671,646108483972000000000,646108483976992610000,-6.1909108132816e-10
0x7055f4093B579caE84F043d4Eda45FeDd9b0A437,724104806896000000000,0,Infinity
0xD3A5305Ed069B944E3c338289d713A39846630Ef,5600000000000000000,5600000000000000000,0
0x722FEAb91c7484C66DA25251b40E63254ccC4663,7429943213000000000,166171156030605659082,-95.52874073304358
0xA9b0c16b23F036e5a5CAA249C301f1FF431E2A60,1478894823320000000000,1545589564502875915000,-4.315165080937223
0xe53b7D29fc37EAeABBb2158bBFe8B599F912e12d,1400000000000000000,1400000000000000000,0
0x7C8488Fe200cf2Ad9E98660C9ce11F6E0b835d03,3520000000000000000000,3840000000000000000000,-8.333333333333332
0x1627Cf520C4328076f2313E468C4F449849631B2,6674360583000000000,6674360610493393648,-4.045331317511776e-7
0x8cf8DAa0e72ACA8fe5928A943C8C9096d14Fb237,84379244720000000000,84379244781053255126,-7.229265935991833e-8
0xdE609F62c9000EE25488E5Bc5443FDbA15B1b809,98000000000000000000,98000000000000000000,0
0xa7DbeE7f9CCDd8c91B75067CD31cF0b6d594fbfb,100000048340000000000,105000050774445351000,-4.761904777324256
0x10E6dAD4bB48ae5F8B73D140d61dc2057Df25a5f,27500000000000000000,30000000000000000000,-8.333333333333332
0x669121522AEf644a79342007133d033c04Cb39be,73381972366000000000,580018961086922242170,-87.3483494007501
0x0544A863c353A33717b29C56c90f6b19ebD28C4b,9178306705234000000000,9178306705277005626937,-4.684960023756612e-10
0xCB9D245875Ab7377Fea51E6700715c9dE249DFe4,974562098158000000000,1672392098199834541459,-41.72645881264887
0x2b5cf931E84A64459B00b2ca023612f194FAC767,2500000000000000000,2500000000000000000,0
0xcaEFcdf660B66580663be99a7022e9Acf29D3ecf,61071929886000000000,66623923523438671200,-8.333333348468038
0x04EaD9464E267451846238A0a18aDa31F543a315,700000000000000000000,1020000000000000000000,-31.372549019607842
0xa89538f7ED2A93C9de110b8d58092307Ce712B02,406014876904000000000,406014876941556035966,-9.112966568803007e-9
0x1EEe213155050E6efE37103a82f3C8263ACb1425,76392118142000000000,101398719686465725184,-24.661654132751963
0x92f624F3ce15B622A341D60e042c9114184FBE3a,230000000000000000000,230000000000000000000,0
0x1Fc4114c349629882185Ab7b03061C2De1B311DC,47707689186000000000,47707689200708016000,-2.934537437206244e-8
0x88603E74577F3064B4460a505adaD7c8473DAE72,54150828849000000000,54150828858556101114,-1.662024421380649e-8
0x9E05fa03318a1Db76455b53b76EDECA76BaAB9f5,7781540235126000000000,7781540235211688123652,-1.0923287348098534e-9
0xC8Bf4f837DC2ab91362B5a43D0B89c58539E783A,9676315252106000000000,10198041398789294236156,-5.11594458466264
0xb241ff4c546c385526BF5Fbe623f470517329220,258684028520000000000,258684028575874888000,-2.126145951219942e-8
0x9575295dea3Df23b934D610afA6D9DD8a655Be5B,33605738690000000000,33605738699256627295,-2.678114021123366e-8
0xDA4716309b638E0B11c194a50BE3C382f29dF4d5,71179128972000000000,72873870172555466500,-2.32558144091977
0x0974bf6913c762EB143eE7a1e244166E4eB2B5a4,25148887102000000000,25148887121722451244,-7.555006274665127e-8
0x523633dCDadae78255aaf0adfCa83c0c6dAcad79,280581392773000000000,306088792116254160000,-8.333333333333332
0x11D0315bb83b5F297A707a7A0719AB007288533d,33000000000000000000,33000000000000000000,0
0xc54Cc9bd129D6D80Ca9Ba08287017e9EDb0ab1e2,3813000000000000000000,3813000000000000000000,0
0xf407EAC6db867d4D8126f4c4a73F04aA2d052f57,4302489328000000000,4302489341019516800,-3.0215066138847176e-7
0x863e2ff213D50655b2652bF5e683B0B4D701d2Ee,130313811222000000000,133052108189486137194,-2.058063569432707
0x6098D809123EF0B59D4e47a54D4d16688DF2D07b,16400000000000000000,16400000000000000000,0
0x427cadBC380834c84503423510d78E07827A8E93,52230213449000000000,53258727328183577709,-1.9311649575585594
0x63b68919A474e9E9633FcCE41c4aeF18A5e2B3ad,4357006400000000000000,4387006400000000000000,-0.6838376164666639
0x9dD9EF77Bd909B6386E9cCC8aC38D75a0E6965EE,88391938000000000000,88391938000000000000,0
0xCe99C908434788Bb93f53D79f5d81FD2ddB56895,53421578850000000000,53621578873623586000,-0.37298421121408964
0xbB146f7191AC6bA2710B973C080B07bC0B835A83,192035112768000000000,192035112774490438500,-3.124428607523047e-9
0x524E20dBBFD6F0949Ec3Ac600aa6A382D25016aF,44928988566000000000,47985382403098984900,-6.369426862812533
0x560e091f5D4237b8A66089AD6B284fC488409AA6,54810845969000000000,59793650151777768133,-8.333333337932485
0x2E45566D1e1824566b045896807518e08b50fD90,1608367404375000000000,1610791431255138382718,-0.1504867006966502
0x1455c0eB0739d6c4Aee84170958C7F2E88DC9dAd,143503004951000000000,143503004959473427740,-5.574796153074054e-9
0x53c96C0aBff344e117433b93244AB52e8A171721,133873747104000000000,133873747130211868800,-1.9421283528242717e-8
0x1b3C1620730fe4B96b99D2B8F3B6b0DaF5F5d3Ce,6107380660000000000,6412749693213073163,-4.761904761904762
0x1EcA669aa2bcB7B1F03ffeEb4eD1034C86d77d7f,275000000000000000000,275000000000000000000,0
0xAE30d834bE2Dc2f67d809DDe43eeEc346BbA892a,1062878628799000000000,2121913386422804160235,-49.9094244091065
0x6bd755dc0d5f8d3740B705b76d63074a4cef1B95,753800327026000000000,270200055665420201555,178.97859797652237
0x73c3Efe353c9b3c60BF236e6502953F51CB121E3,56507528000000000,61644579015884280,-8.333337794390646
0x39D9949576b2C884773A6b6CC8e4259f2D7f908C,39690000000000000000,39690000000000000000,0
0x0487248d0fFbCD2cE5fC75AB27640E16ced7Ad66,133752487792000000000,133752487822290875634,-2.242948934148013e-8
0x5D92fCAbF327456bBA33d64da8721C56a69b08d0,218400000000000000000,221400000000000000000,-1.3550135501355014
0x3b7232fCCCB2988b358b20f2FDb499fC5e1FB0a9,7523623664636000000000,7523623664749383870000,-1.501935836177551e-9
0x93002398DA076a28581753A1dADd36152594c764,29400000000000000000,29400000000000000000,0
0x1A092501f55B6A4AB7287346e33c288786AB1a54,24286369947000000000,24286369976817696531,-1.1940854079328466e-7
0x2578200F642b2E8eb464b2483B23EC3012fb2414,97466305450000000000,100789708692344827666,-3.2973636744559705
0xb42946631FBf2bd791505E183229d103B5B85daf,10046135414868000000000,10046135414954807420000,-8.560505751493872e-10
0x23717381dc1c93b15592296b0d933302c46102cF,16495294168000000000,16495294174734779031,-3.637401028868732e-8
0xd2483549f3f3D2015cC8385A53306516AEfedb96,2640798554016000000000,2640798554069074864686,-2.0069686844661608e-9
0xe7452D832aE9fc194CE6f9a020c8C76C8b1144b4,18600000000000000000,18600000000000000000,0
0xa7352C258cb28C8972B8b24ab792E6552bC69870,332922078272000000000,332922078315327352026,-1.2915935229538848e-8
0x241c7b30A407369F5C9427a71bbCD0E0569eAade,15799608769000000000,15799608774977399980,-3.16463532200117e-8
0x32D411D2b6f23Ae43a7eE3b60794BD45cef7ECCa,664638959705000000000,664638959744094658606,-5.867847412228391e-9
0xA6942761DE478f62957f0E2968D35c3A8180b11e,86371974934000000000,86371974968222485038,-3.9364620309535214e-8
0x5AD482b2c0e6a988e69E607433AC8e480279500d,16308965376000000000,16308965405871168171,-1.7781630704243927e-7
0xeD3b4F92c73e8Ff1Fc1AaF2382483D18b5809Fac,105000000000000000000,105000000000000000000,0
0x271bc1d79A6cA300de99E634E0a0508fa1b0DdF9,12736236647446000000000,9706231819227608910000,31.217107572239172
0x23d72F8AfD028385e860F7A94b980D38D53E6Bb4,451518864000000000,451518902152416480,-0.000008416037475215157
0xd81404711B0050F9bbF9684f468B6DA5C0F50Fc2,256807369806000000000,269976978542120952006,-4.878048790353144
0x711DdB4EDBd48062cAfc9A61914F512fD4fBb63F,2946534817184000000000,2946534817296736456000,-3.80107505747314e-9
0x71cE27e564eF18eB811139FdD877E8f5b90892D2,2054231717320000000000,2156943303204480000000,-4.761904762699538
0x90A5dDfF7DFa68e0BF7ef65e595eFBC4f5aB27Fd,2665588386768000000000,2913465470984588260662,-8.507980845651879
0x4cad2d2Ca48FD96862A9b9af11e81f534381a6F5,18544531083000000000,18544531093347023477,-5.3924253732005646e-8
0xD21C9836211ed19E97A5b7be564e8F81Ec77e740,2867800000000000000000,2969800000000000000000,-3.4345747188362856
0x41B18AF506B68EFa58f1ed6Ca92c879Bac5819b9,33420265120000000000,53278,Infinity
0x9db7a795C6e3EE2e9EB278FFd804fb09F2ff417B,379278407409000000000,379278407431764933081,-5.800488392949798e-9
0xE8b32556ee5884056d9BF4f52E269a2ab190C67B,302500000000000000000,302500000000000000000,0
0x76742dd34b063396D405905C8d533A19169a7AB1,38301663114000000000,76603326260207515392,-50.00000002088682
0xc953218c2117fDB8F6B793fA6d1F7BB6A4654052,9061910260812000000000,9061910261002791079000,-2.0966881653823747e-9
0x49bF21c5035735ed6E2debC9d5478A4c2EFaB072,3032354149539000000000,3032354149548069060000,-2.9679910578193946e-10
0x523dF56481b1F7791492735ABe170F3E9Bd63a59,980000000000000000,980000000000000000,0
0xD6DA9024B0c645d513C6992F25Bc0D9CD09A5fde,238031806286000000000,239531806294326023000,-0.626221640961914
0xD2c48090A6fb140AC4268282DFCcbEbC556D9d33,131429519354000000000,131429519399329744086,-3.4238883475931195e-8
0x5C9359DcD2C749c368CDe85dfE9A5230d1760c47,1667495110000000000000,1444195110000000000000,15.461899742895543
0xFdE6bdaDcC0c46b902Bf815ac040523BF950C42d,597800000000000000000,597800000000000000000,0
0xE74Acf3B57d092dB0E2f71F0435Bab6eD95c3A72,155619057540000000000,155720164634746597378,-0.06492870993145883
0x5Ae9cc76306E06261aF66a2F2b38E54CAE7629Ab,20591340910000000000,20591340920120457200,-4.856410293458441e-8
0xe59879ad32F07053B76A95cd4Fbff636520c4C45,3201304920540000000000,4512191424247007229502,-29.052103079287296
0x698Ed88b34bf29850a8c11a3d32d03E94414FfDf,2059740971166000000000,4225652312119459194353,-51.25626012204682
0xED1500366Eca6b0311313Bc1E566cCDddC4c7931,2950000000000000000000,3000000000000000000000,-1.6666666666666667
0x6FfDe9a758a68a29af3D9354a9b69dafbe96723b,150770048374000000000,316091222696022227673,-52.301728884448416
0x1DE4b95E50D38cCEabb9d613f59EacF092eFDe47,13483942240000000000,13483942293313732411,-3.930601217977194e-7
0x13881d4b27c55D5c2Ff8ef145AE6692BBfe29DE5,41498086500000000000,41498086530195763200,-7.229248986772499e-8
0x56338C3303265Ee9077acB98cb7731CB4EA51340,79500000000000000000,79500000000000000000,0
0x2746BF8DD83dbfAa7Ea89955b3749A62ec8b57B5,2970000000000000000000,3020000000000000000000,-1.6556291390728477
0xAe8C5C72b63f7b060058E222a159Fcfd9c5Cf5F7,18681804434283000000000,18681804434346753951712,-3.372265255286378e-10
0xa40E5754544b8d5592AB30F3D1e172c27524435B,1357916833326000000000,1372916833347151891350,-1.0925643605397328
0x6e401B6C8748EC9D1231679Cb0084b287583D764,3700000000000000000,3700000000000000000,0
0x03286AF628fA73BACda875270a4251b24e24a467,1440000000000000000000,1440000000000000000000,0
0x01081b1821383E48289828B8B1d03ee8e5b31E44,188984690658000000000,188984690674536948980,-8.466294250045958e-9
0x70dc8aC25adbfa6DD88B7e55D455fEb427CC7FF7,1705000000000000000000,2371000000000000000000,-28.089413749472797
0x47F8f512B0b139be967cDe643918AD8e4b17dBcE,14144384496332000000000,14144384496383524351427,-3.6056712127022363e-10
0x867341857eE0CdF6Cb484A1a80EA3E1713e170a9,69718717632000000000,71171190929138808191,-2.040816344423658
0xbc6473d981c64cfd51bD4C0Ea0E1549b8e225F3e,9600000000000000000,9600000000000000000,0
0x8325B8005b99eb01B6588A4414539e047179c9E4,312000000000000000000,312000000000000000000,0
0xF70Fd6db670ebEB6EaB79433Fa9d7460246139a9,159600000000000000000,159600000000000000000,0
0x0361FeEd2783a0A953B1A9e94A53494Ed09B65ef,50284380258000000000,50284380320247157477,-1.2329872538041452e-7
0x29530279e253835272351920075d51E9a61cD0De,33436417180000000000,34154931007707004440,-2.103689879662593
0xe0959aba474D69240c402aB61A3bde02a5e4D20E,247183625850000000000,247183625865373575000,-6.068363123774343e-9
0x6eE7fe8d2fB35268D73aD9fF5607393aF0001363,916616145575000000000,916616145584473310000,-9.818722966379636e-10
0xD346b48De240Ca97a8Bbe974409Ba14fEfB7028d,238010948727000000000,238010948846626447120,-4.999769992808039e-8
0x823b646d11A681b1Fb90070E5a803689877f9038,1600000000000000000,1600000000000000000,0
0xc896E266368D3Eb26219C5cc74A4941339218d86,83204437140000000000,83204437140509454000,0
0xfb15339d187A76AF62698F73D700E1F8536f03BD,24597817720000000000,82402689422610431910,-70.14925375307855
0x60A68d6D5dD85776290f3d53A1269655FB006327,5915238059019000000000,5920294743297636808801,-0.08541271165131117
0xf6B6B5466f88266F4937e1306f8De051c2d5113D,11853285855769000000000,14497127582484996982249,-18.237003928346425
0x23d8C6F61f38ce861144dbD82f773ADd3A123bcd,42669345099000000000,42669345130404112848,-7.265168918236923e-8
0xCF168854AFe73808401C4F3EfDa1bb28D6618661,1620000000000000000000,1620000000000000000000,0
0x7c125C88Ec57008898cD09565006DBff77C7FeF2,2729072860000000000,2759736677925917691,-1.111113870231033
0xFB8636F80a2B1206B9AFdA4c925d3d628Ec68648,66059512190000000000,66059512258899779844,-1.0293748421033035e-7
0x95641Ebc69A2f32131d810b8F317f6F7663e809A,885000000000000000000,895000000000000000000,-1.1173184357541899
0x4d40e2541F943e48EC81Dcce70647386b0E89132,1005768282582000000000,1005768282662284344000,-7.954118396760472e-9
0xE6D28ABf7E4FA112d4D00Ea4Fb01E675d24C0306,60958260072000000000,137261172253129839336,-55.58958220199253
0xc27bDc0E8b8E3531CDe0a10d766108D0E9d8bD9d,151235265969000000000,151235265983983485802,-9.257100127409242e-9
0x6F6C35B133645D39316B4C8Aab466515EebECBfa,674973565106000000000,682192571199287937530,-1.0582064944377956
0x04aDDC2569DFdf5649Ff15603c935F081f17CB8f,286613640096000000000,591140632703368935000,-51.515151515561605
0x1dd49b2f500F98150dC8A7ae914AE56AdC259B7a,5032867707434000000000,5032867707477403220000,-8.543836734694563e-10
0x1a5414ecD4Eb527570FA13414A0b34319966e058,47506905376000000000,47506905401619814920,-5.262392864569486e-8
0xA5dff29BF5E20e361271D3BA67Fb13d393B4149B,3999743221032000000000,3999743221035332550000,-7.500481491468596e-11
0xE23c061Aa74319092FA338a35E7481A786a52C84,118000000000000000000,120000000000000000000,-1.6666666666666667
0xa1Fd71f1d707F6191A1D6442aA3DaC32495f71A6,63695455823000000000,64775039830548048126,-1.6666666818474112
0x80655554B3522827B66F1288197076F6acFDE79a,275027410994000000000,275027411115028369231,-4.3995614658716706e-8
0x57fd996c43726E08B5db21B5541BdB30818FDD88,6664372776000000000,6664372792586294823,-2.4008260791182943e-7
0xbBe306b2438C693494f515aD3A8d3c004400190E,310000000000000000000,310000000000000000000,0
0xB7ce1f161c40031564059CD0233c0B041ab8a7c0,7177850372000000000,7177850381724682982,-1.253857286273797e-7
0xa29609810A7516BDA18781197E083BA20489B458,32218578784000000000,32218578860524049200,-2.3588874087291138e-7
0xCce135F1911bc285726A8Bab09BcC9C61Db4eD15,398066926374000000000,398066926374203853000,0
0x50e3DbE9A80e61f33963523116517cD7B172a73B,121042314120000000000,121042314144072289020,-1.982777689746414e-8
0x4f750503C11563D6e1e6431700B2a40F8Ce9A7a3,19788035580000000000,96961374366205287667,-79.59183673974533
0x29Dbc30F4dCD90A6913354B306C1959039D5f97A,30803989636000000000,30803989637670188464,-3.246332737363529e-9
0xeD6adcCfF136d5043633b907e2c75A1eB1e2543B,9800000000000000000,9800000000000000000,0
0xD852b0c99Ffdb9ac7342c08240a8629a0a58a01C,68600000000000000000,68600000000000000000,0
0x0f67D413d13258D39da3498e2E08f76863e933dE,947004386425000000000,1169040759937932800769,-18.99303951762688
0xD8cE6E865C4625A838854E6F7febc15ec9183457,2240000000000000000000,2240000000000000000000,0
0x868583C4E8214FF0185Aa75bda382Eafb01EB489,15600000000000000000,15600000000000000000,0
0xa4F4B6889C2094bC2ec3E216598A58F5FA4C4a79,21180000000000000000,22239000000000000000,-4.761904761904762
0x62914C1Bf570657C30A7958B38801a500b287a0F,11640000000000000000000,11640000000000000000000,0
0xb543CC42De7A5B2B3c4bF6d7BD7d5F2232909411,1071000000000000000000,1071000000000000000000,0
0x096F8a0D9D8d73F6cB7202700aDF2a9D67E0422c,875000000000000000000,875000000000000000000,0
0x478791CD027B6Ee9317d7e63D4bfa5765BD0852C,51654972292000000000,56350878866178906018,-8.333333336586758
0xC0f6Cd374C281E0acF1Ac026c398E92d9E9932FA,10065735414868000000000,10065735414954807420000,-8.543836734694563e-10
0x48037c97d52d4c94d015C8FeB0558995ae23BD21,55218429394000000000,55218429394036526800,0
0x7042cA0C2B96D4Fb57308Bf48BD59c511C3442a9,2076400000000000000000,1096400000000000000000,89.3834367019336
0xA3C49Dd4eD71737969da11eE8E1692803A9ce21f,158883772014000000000,173327751297815354505,-8.333333338093102
0xaFaD23220A446D8E5CD2560fCdd46da0c12e8b80,408017957410000000000,442964957415594187116,-7.889337388884974
0x5428c2e416bfD5493a3F2c5765C85Dd29aef02a7,12500000000000000000,19500000000000000000,-35.8974358974359
0x24ED74211bDe0eDd55d1Ae1f74eEe3e42066f914,114769934384000000000,114769934392521508563,-6.970466649110186e-9
0x85122291330859D6F61e84FD5aD9D506979712Cb,21019802404000000000,18567057169893398024,13.210199185981727
0x03d37f058A014Ab1FCdD19C92644dbF80aB8c311,665781716823000000000,1351283191653990689739,-50.729667849374984
0x4035fED042B0069174B5C5452Ffa10e638178443,3900000000000000000,3900000000000000000,0
0x444bcC1f0B7b7eF99D92352715b533C3825F9d73,1371722949476000000000,1374322949634931282012,-0.18918407487064184
0x6542af89b3355F143a7301fA93dca5eC6531E3C9,2301651163770000000000,2301651163783272864984,-5.648119143577415e-10
0xc6EC292485F8392e0890B1D5E4ac571816A12D5d,1098600000000000000000,3358248659981630309280,-67.28652011116367
0x03e3999592D194b5A2dD9209102b9B534CaEcdF9,1299880284332000000000,1299880284398004042778,-5.077390648367737e-9
0x89dA62b9a45b7f752336AEE39D1c4D00Fa5926E7,178000000000000000000,188000000000000000000,-5.319148936170213
0x2E7ED624982fF6f2Ae009eCd6cB032BD469aAC47,37356000000000000000,40752000000000000000,-8.333333333333332
0x0385C6469BaBD8d910954aBfb95bb4f980730A32,183430000000000000000,183430000000000000000,0
0x09F25ef6ba14DA72F28BC11432C70391E25c64B9,34164000000000000000,34164000000000000000,0
0x72b58B06AEd8cFf8b5f424F55f7dD6edc955d749,97903229043000000000,639883229069897734719,-84.69982887573963
0x355043564D0Ea5210fb59F10f8d15950FBbb68cD,104546458982000000000,104546458982026292631,0
0xc91895734Edc7c47CC5c1Fd05034DE9982BEd464,205819154394000000000,205819154456137516939,-3.0123532556467846e-8
0x7C6Eb4A016095B6f708270fcC56801802C997818,9006004980000000000,9006004982801036700,-2.220740499252813e-8
0xed5820582DAf3d6639EbA998fB72cA0Bad79d8b5,951000000000000000000,1351000000000000000000,-29.607698001480387
0xdDE81e64e696e721c0fC28E49fa92e01A0348beD,52306580000000000000000,52431580000000000000000,-0.23840593779550415
0x016feeca99CEa3019dd6E2796C6DF786F887b8cA,755407723904000000000,755407723911257120046,-9.266518965094299e-10
0xbd5FDC115f7F6f884b035362B76cb8B60AB4b3Fd,160000000000000000000,160000000000000000000,0
0xADaB2B23467E90b6e7168a5b3B2F6e825b96C9e7,1145032549287000000000,1145032549301561118000,-1.2226726662527175e-9
0xB1A0B8D25308977B61f71D2D83Dce851a463Efb6,1080000079200000000000,1080000079202958300000,-1.851851716045963e-10
0x28e5632A329905aD5b6c66e5c849c2aC8f3feD46,225100000000000000000,234100000000000000000,-3.8445108927808627
0x77a170485f570aF862241A231aCCF34B7630ec34,1900677744000000000,1900677744711398520,0
0x9a9Abec8cbF260AfADd7ae8adBF8cA45045a95df,513000000000000000000,518000000000000000000,-0.9652509652509652
0xCd9031782DBb1c8C21288aFF2D8d2274196c33c8,1750000000000000000000,1750000000000000000000,0
0x406Cbb7824D6824d5fD30227EC02Ffa2D2970aE2,3840000000000000000000,3840000000000000000000,0
0x2fAd53E9C9856483064Cab9D2fb08429c4f78930,113989760544000000000,113989760547333933398,-2.6318153363986116e-9
0x0f919A4632F588dd3eCA52fb5a816E7e1737b660,704271645484000000000,768296340538552080000,-8.333333334526449
0x8893f47C763B85FBd874AAA4dF22A219dB05E80A,1283058258972000000000,1283058259060751313768,-6.858612956863779e-9
0xc07D1896574a55f4A447A8d2f2a9D00DF783A284,11973323460000000000,11973323586964764261,-0.000001052339386762482
0x9D8385f270e7F709E64Fb6467b94373D9c4FBc52,355036711782000000000,7200000000000000000,4831.0654414166665
0xF38D868aA43d4F662C0c1b18950a999828A562ef,410846343456000000000,686502206842720486000,-40.15367476443419
0x463dB41CEdFAa9E91a82877e4eEc477AA7a38A23,106000000000000000000,106000000000000000000,0
0x9E23CF319129b005d3cd9773D625896124232602,3421853602618000000000,3477044789779742315568,-1.5873015879242651
0x1206d26Bb21757C91d8EF3832D9C2246c9D67A29,4100000000000000000,4100000000000000000,0
0x331b9672889ae9bb2BAF5Bd4aD237DC8a9D1f35B,1437948202124000000000,1437948202136401060000,-8.345224106247082e-10
0x764af40e98Ef40A26b53b81C62353Aa21d07B527,398137265473000000000,401064745416022100160,-0.7299270196295871
0xF8f4051abCf1e8a18263c6989457bc6F3c8409C5,544832427369000000000,562285118579161819581,-3.1038863795837646
0x89328fDEE7B43BBd2B4fbE4A13DC04dd8d87C195,15996576762000000000,15996576772043616600,-6.25133748459467e-8
0xC7E1090d066Fe3066797f431D05B8c16CDAEac65,97995901542000000000,97995901622225916694,-8.163606709654485e-8
0x0CF9D16383e41FcFf5d24205D9bd763cF4d262Cd,204326821600000000000,214543162681220163000,-4.761904762348673
0xe8131168eA95ecb00fD0233Ef47A1890238ED26e,2915000000000000000000,2915000000000000000000,0
0x64f134642Dc913F1cdEB34e9554e3005Ec5ED187,18983965591000000000,18983965604223721800,-6.847884299400988e-8
0xb6688BFD39Fd960F393F70E1c5a41D682153Deb2,40834355996000000000,41667710232198687465,-2.0000000752621148
0xed3ffA7e8f2994E37c6fB1Ee523C3F2571fD711D,525151915400000000000,525151915408174164015,-1.5233687177518252e-9
0x77E0Aa03f37873241497B2Bc13c63F69Dac3FC4d,14500000000000000000,14500000000000000000,0
0x43DF11674F07a607Ce054685B4A4D8623CF3ff41,18069221577000000000,26372399786823728780,-31.484348320124468
0x01e6694700Fcea08883a6378d4AD82441BfE4217,3700000000000000000,3700000000000000000,0
0x09B4a86a160e37D06FA2fb5749326b5A6106Fe9d,721138044362000000000,733360723089564480000,-1.6666666678734399
0x6Ac54b36e2d09478D3a62f960Ba002def8aebEf1,1012718867776000000000,1012718867794255131452,-1.7773935662134254e-9
0x50C26556fafB9D86f671071837d507209D0abaf8,229400000000000000000,229400000000000000000,0
0x68B9170416F5A982cEED30aC3807062953cC24Aa,1075070055692000000000,7358478243118323888000,-85.39004913553346
0x0B1765587f0610702d36a2dDCEa6e37c41bE9B81,366969978000000000,366969986957938732,-0.0000021800147982674528
0x23F8067c20Ba6a4d6C450B4649E720326bC1C3cE,141934427694000000000,141934427694909145227,0
0x96bAcaEdAa53e064c342d801443954328cB2A01A,132502380147000000000,132502380157919918537,-7.547034240555645e-9
0xa157e860930B705e9a84A84B75Ea8b078Aeda9eb,1540673788000000000000,808850477403451140000,90.47695847898694
0xC078cCE8517A2dcd65fDa7503a0F2EF3B39fb20c,771248000000000000000,1045760000000000000000,-26.25
0x15036961A24849847d1AD399406ED178618caE6D,2000068196482000000000,2365868196527292668173,-15.461554476364311
0xaF1bD9978bEE41b7AfC972E4Bd7B2269e601b454,9800000000000000000,9800000000000000000,0
0xe3526495EfeE7A23F7F508933d46783655Bb4e54,231091824132000000000,231091824157764999000,-1.0818210506233837e-8
0x639d8Be7cEB5Bb31845D2Dca180e52B5EF914690,32967416627000000000,33651350004632774553,-2.032409923877359
0xEa125a2745043D9647980F0E93caEBC22dC085cA,312000000000000000000,312000000000000000000,0
0x073Bb8c6d58519C989FF662Fa9C215Bdd339B190,2357500000000000000000,2357500000000000000000,0
0xe45DCDbA6271d2C8066d8A0D72570E18E99e1B0F,312000000000000000000,312000000000000000000,0
0xc375B9D01d5434FE0C565ea8D4E6b286cd110F8A,1012000000000000000000,1224000000000000000000,-17.320261437908496
0x9C5366709CA3889c4E4E27693301B456d5213a13,216700000000000000000,182200000000000000000,18.93523600439078
0x6ed1d3eFac0D330dEAb25C11FC5FFA6B7bDC6548,720000000000000000000,720000000000000000000,0
0x7D5Fb4346f8db639583CF22FE7d72DEb32B2eB30,573649234060000000000,573649234072599162095,-2.0918706567110755e-9
0x1a080616BD00A74b2f57b0dDE488fD4876842daB,1870000000000000000000,2195000000000000000000,-14.80637813211845
0x77577573c2ef8b78e660F0c8D66d22F6696E4314,9800000000000000000,9800000000000000000,0
0xE4c6d82CF48B75102D8fEA8a81Ba0606D07baceC,35199047004000000000,0,Infinity
0xBa3780a3E45d84848beF509BA7500B0517c1cB85,8713794165898000000000,10034921939194741680200,-13.165301945558655
0xA51c2abE7f7f72B09330F51dA1943Db4F7bBBA61,16000000000000000000,16000000000000000000,0
0x4Bb243C76eb4313cD0AfA43d7c792077038092cE,9883193376000000000,9883193442229786925,-6.678003459845667e-7
0xb5A9F7141D9D299736250dcA170606B296FcF612,735000000000000000000,740000000000000000000,-0.6756756756756757
0xA152eB75Aa843F5B3ed32BB21991F740EfB97e36,177600000000000000000,177600000000000011431,0
0x9FFf14F3A495d90566621AD876ccDBc82AAEdA18,607207263000000000,607207292525899213,-0.000004775963724757113
0x573ff4f708fF9a9744A70BefBfe5059184B21b32,17756864752000000000,17756864758307660412,-3.37897488198012e-8
0xE6c842ec897ec64beF8dB2B4EE9c832891EA488f,67000000000000000000,67000000000000000000,0
0xd15c7650bFF049996f88A73f77E4BC31CD89B0fa,10065735414868000000000,10065735414954807420000,-8.543836734694563e-10
0x9AD9fc40c8DbDD68b28BD7Fc7ad7Fcb9548DC7eF,2055217810340000000000,2055217810346759015685,-2.919398600866488e-10
0x79B3D8D98CD7B7C3cfb2a9562739D860caCab3aE,5224080784000000000,5224080799846542078,-2.87131852992613e-7
0x37B9917894fE2E5CDd9a6B578ca896FeCA78767b,2455242606334000000000,2455242606343618758692,-3.6656255380828506e-10
0xfacE4fd4D23E197a3132F402B8C9c00D29673377,448086039414000000000,448086039476974415400,-1.3836628356577217e-8
0x9Bb1ec57A715d98Ac6e4e95f06c80B0Bca044777,7614600000000000000000,7614600000000000000000,0
0x6735d8455C0BDf9480a79488c7B8815e9f884969,12785439293000000000,12785439309685033846,-1.2514235618589334e-7
0x83193738E5432Ae814A1D551D2dA623cE9b500C6,610842940464000000000,2961637106006094553480,-79.37482147204153
0xBEbC38252dCA99907602873A36AAD7C972b900Eb,88643656686000000000,88643656749947603545,-7.107107525853587e-8
0x1eF90916af00c72dB05dfA8Ec7a03f07a35410D0,9608021288000000000,9608021297373998707,-9.367173241810104e-8
0x9246e78A1DdD3A931512EFA70D879AB7A2aa0695,651629237238000000000,651629237315048874000,-1.181653547610509e-8
0x6F658FbA57E9D826Af17018Abb38b47Eb4c197DB,837000000000000000000,846000000000000000000,-1.0638297872340425
0x77C81eF316a6c7523CAecAd895D5AeAa55069709,5584399999904000000000,5584400000000000110822,-1.7190745648592508e-9
0x0b133B2b7eABc270d11057654edd300a0e76E064,435750000000000000000,441000000000000000000,-1.1904761904761905
0x85b0B3d2509a192DF74DCdA01B579bC0998ba497,93013262846000000000,93013262846400378118,0
0x9F4cb6ee90A4b473bAaeAdEc34B68714Dc7e81c8,9839925494000000000,9839925549393690804,-5.589473185149198e-7
0x95968Df2746B6FC0b09690cab6f9d012c834d12d,1848600000000000000000,1848600000000000000000,0
0x02E3f540bE055029cD072a46899e61eB0D8566E8,1534204796628000000000,1565515098603122500000,-2.0000000001877978
0x4F5EA134FD2D445e446a418abc679425371BDf90,18302250484000000000,18302250488158965297,-2.185523579530631e-8
0x028C2875D7A41A17981DA23a8ae1Cb805304fcc4,180000000000000000000,180000000000000000000,0
