Address,Power(Konrad's calculation),WeightedStakes(getPriorWeightedStake),Diff(%)
0x5c3aaC3B13Ae184EA1E8F35fC5d91C0cCE331675,30590495214000000000,25802388760748076857,19
0x8A06834e2eA22b9BE7775EaC6785A1C964Bd4E11,27000000000000000000,27000000000000000000,0
0x8Fe248C19972559c1c554C6825ce4C724141aa06,12557622308000000000,12557622320223226338,0
0x72574f1767C5B6730be391d6328e7aA617C4e7D7,119798438418000000000,193919844476237725713,-38
0x714E5C411BeA681aFbd1db903CdB901D6b884Bda,365618398944000000000,365618398957783838509,0
0x88a02111708505f6497f2Db9970580F95254330C,65996946120000000000,69296793430593100665,-5
0x0b6d741C16Bd042C5a95C63b2c7ba3E775bb634d,4400000000000000000000,4400000000000000000000,0
0xcA18c4A65416c80583597291aD05bf89e2AE22D9,508122071283000000000,508122071308116236595,0
0x3003c663eE474a4c8a6dCb7769Ded36Abf75229F,4800000000000000000,4800000000000000000,0
0x6714Ff1981fE52937aC424fA3cd283510d882B16,48372523024000000000,48372523032531404440,0
0xfa5Ded495f9E027dEdB9Fa3FffbF3e1e27bE5b4D,1437962202124000000000,1437962202136399800000,0
0x6c1eBdF04F137fA2aA6b7e98D69e99Da5DF1151E,700000000000000000000,700000000000000000000,0
0x7b501c35a7b4634c92611E7e8C2F2258a135A6D6,203200000000000000000,203200000000000000000,0
0x5a880Ed3d970ed1f5C5D9c8153Dc23B5D1015c87,3900000000000000000,3900000000000000000,0
0xa8d39273dB147cfE8f6dBc78D1e9b35986a603A6,3500000000000000000,3500000000000000000,0
0xFEf6042553d8ccABf39bfc49BC3326dAB7fa2b22,84000000000000000000,86000000000000000000,-2
0xdd2d28232EC48c2f08447BE78F0a2b6a74cdBa9d,1024768603817000000000,1024768603837657413108,0
0x4F1171110e0436529E9D9306D7bd25dadE527457,4600000000000000000,4600000000000000000,0
0x4e22D075361767eFa9EacB1f7187AF8faB12628f,332528759234000000000,1411000410846343537500,-76
0x089d700d9234107C39704b951690eBcE90fe643c,138600000000000000000,138600000000000000000,0
0xCd2b663Bb04C151D2d374f3960377605825b2b6b,188695747709000000000,188695747740345105000,0
0x7B9fC64d45fae6176F2E3f30cA703DBf5362Bc56,6117668431043000000000,6117668431093371140796,0
0x9B5dFE7965C4A30eAB764ff7abf81b3fa96847Fe,3594905505310000000000,3594905505340999500000,0
0xa6644Ed799EF46a1fD31ab04671f76A41611d814,34244164990000000000,34244165012118158225,0
0xAA80fA46977A32FE8f69F0e3765CD9197c1e288E,477532741857000000000,370706862097885102372,29
0xB65696bE7692F0245Ca15896D1A18335A7984800,210760208514000000000,214190209888998563424,-2
0x14cdf8F84AB910190C86bCCC704f792081b34da8,28434464604000000000,28434464617628994171,0
0xDDd37AfE0B39da0335975F3c688725EcE3690c1f,1937796000000000000,4285932413387116476,-55
0x17c1842fc116610A533dCC1549C6aFc363065C90,98483500024000000000,98483500085840724400,0
0xd9Bb2DBF16262A5E3fAd7811602251E1a93f873C,218735804716000000000,149902859306293324050,46
0x448dBA9a7728251DCaC914B380552187D19F9e4D,119977994458000000000,119977994464654267561,0
0xeFa9986e463e40F7489780d4Af885F92A9a1F901,0,51088024171450720000,-100
0x822Df343216Dd41e8Bcd389Eae342117462407A7,5006508525039000000000,3581298069022185703833,40
0x41400f3A5e2Bae822718e0ba4cd65DE1270BBCb6,283928215384000000000,309739871330998623770,-8
0xa551b98e4Dcf1C02e114fFf359E5A6DdC24C2421,125769711155000000000,125769711187388389275,0
0xF83A28D52c1b8dE089943e467B5c8B066A32Bf3f,90000000000000000000000,90000000000000000000000,0
0xE899b76618F150dcCfeabeeF20Dd091A6e20411d,555814008912000000000,555814008921491818094,0
0x56f6d65bC755703fD01C2e550a241743f9a8a33C,72421248864000000000,72421248870603781640,0
0xa193DE0e7a4EcF1103e05995c83bC107a0Dfb802,4478029980000000000,4478029999146117401,0
0xA32d657a155B10ee638773D8DFb804a294720687,44852912976000000000,45613131858828684000,-2
0x431b5DDB0AcE97eBC3d936403ea25831BaD832B6,1310000000000000000000,1310000000000000000000,0
0x83BC4EED00cCC496a8A9a8d1AA594eF0cfB1B599,19093029998000000000,19093030006530531585,0
0xFE08BB41029b176A0aeD0Ad10eC894a9c93acCeF,20686477305000000000,20686477338304084635,0
0x01190DA45dE5151e69D906bE9CB2BdE4d486caF8,718978202124000000000,718978202136401060000,0
0xD3EA93B78FB9218b43da2113C0b84fE07b34Bd9f,10309375371924000000000,10309375372016229811794,0
0x581eA42c3ec995D9aDB6f4239db2218B95fC8570,1800000000000000000,1800000000000000000,0
0x427Bb6b3499d2545887DFb929F126D6E60c03358,4100000000000000000,4100000000000000000,0
0xDd91B25B0103548b5655F5830d16D33f93e65A70,31500000000000000000000,31500000000000000000000,0
0x6e5ba5499bd4BBA442Dc88242F9c7929AD3151eE,3720000000000000000000,3740000000000000000000,-1
0x248ccf6d527a38A731C02D44317323A303f66357,3493219754317000000000,3493219754345613800000,0
0x8982A7B1690DeFe310896768F0852d33B1663382,4460000000000000000000,4460000000000000000000,0
0xC102288F1aDF931C2D26c594b8E455B950744048,73684320668000000000,73684320680305352042,0
0x742C95602D7f67b8a5B48a513bcE27B844Bd87A0,44800000000000000000,44800000000000000000,0
0xd67D00aB2D1594446b68b6E42FA723232AE8e5b0,252941729698000000000,252941729707832312593,0
0xbbee7Dda7013061E027cC00B265d98f592553D98,2359800000000000000000,2359800000000000000000,0
0x83E3187D3D64749B252d93A98E501C18c9974F2f,85843430218000000000,87162879523978613157,-2
0x688f03D4692161469e511720D6F55e8c01E71085,639653168840000000000,671635827300725637000,-5
0xd17987b252197D2bE8Ba7b87C3ee46dc14515d79,842180436768000000000,842180436772102128000,0
0x3028e0653ff6A08e93B594F1C99652feF548e0ad,126100000000000000000,245000000000000000000,-49
0xD0789AC5946A2dc78dE3770DD6C4A97F7D845981,39762177136000000000,39762177141112103856,0
0x81B8360468F7D79dc143681E8011FF6F8541E927,476033278484000000000,476033278553820891000,0
0xd4c4Acb86327886D26cBB77BE4772F4CFD8676ed,137360668628000000000,138360668651345160990,-1
0x7a864c3d1FcAd4E86d261A720AD8dF6B9859A0Df,155000000000000000000,155000000000000000000,0
0x26Ce0D5b3ea8F5ee71145B84c7c4185306e858ed,110745505134000000000,110745505138471580770,0
0xBc4d531548A2dc3E43a851b1a15261780d8B8177,1314742341052000000000,1314742341056096979160,0
0xC504E005504C2207e74CA847Be48DeE5040aD9D5,13120818777000000000,13120818789272654568,0
0xBf7271798AE210eBDD6D26a7D2e944592E7c7e1b,16285794964000000000,16285794979684568816,0
0x1A08De0ce161ce2796Dd000873c7716bdf5D39c1,3200000000000000000,3200000000000000000,0
0xaF1B75568c5649ae543694109fBf93f65263e19D,1773903505264000000000,1773903505271537377819,0
0x6C54dEE0A69E004bbe0F64c377278c5114e79fA1,1615000000000000000000,1625000000000000000000,-1
0xDdD6dF63f28077e67F22F9531AddC279f041032F,695575593337000000000,695575593389302744000,0
0xc25CcA58b149ff5e1752042567648Ba5381e4349,24448736284000000000,24448736293668673802,0
0xB9Af8F3FBb6660FaDCF2Db421FC2a08E14Eb88C6,56254533192000000000,56254533203542654015,0
0x88366EFa29326b48C7F769aDB206007889178438,110000000000000000000,115500000000000000000,-5
0x23B1fb82c3F86c62473D7c2f5c46BB8bE3f0A4d3,1260000000000000000000,1370000000000000000000,-8
0xCb5503e358cA8A41cCc2b2F5a502459dF193884b,14500000000000000000,14500000000000000000,0
0xDE3fa0cf9Edd3dA75162C1B998cbC6527e3ca017,47432194216000000000,47432194226428829707,0
0xfe4909B49995A646f7BabF579BC5B4Ca8DeDc13b,621861254342000000000,681926567972250619430,-9
0xC1926E9300aec5054657479D993491cb6751c187,50675999999902000000000,49786000000078784552000,2
0x671993e3190f696cEAA67AEf02c10fED01A020Da,10968000000000000000000,11068000000000000000000,-1
0x00Fb98b676e6677b9B20c5A2A1Ed51D45734FFea,10230697275000000000,10230697290351088750,0
0x96efB884224B41B09Cfd6F4a06F9E35E59DD69b4,26400000000000000000,26400000000000000000,0
0x2907420c93aa200D654F198d55C51544A8128479,2275348418196000000000,2275348418241577546000,0
0x28a5FDb835981385fE1658c22B1c439dc6c9A302,36300000000000000000,36300000000000000000,0
0x064823bff2072457bF54842c9A4C039c7a7B4b8C,183558956436000000000,183558956450287590000,0
0xb6B78Efe928dd52b8F1ac60657Fd00355a7d0815,224177033925000000000,227177033928332081991,-1
0xcA332DB422b265d804BebCb61D037f0F2Dab5F80,8375000000000000000000,8375000000000000000000,0
0x8D51cC24A8cA14d48982b9859077188a9a819671,646108483972000000000,646108483976992610000,0
0x7055f4093B579caE84F043d4Eda45FeDd9b0A437,0,0,NaN
0xD3A5305Ed069B944E3c338289d713A39846630Ef,5600000000000000000,5600000000000000000,0
0x722FEAb91c7484C66DA25251b40E63254ccC4663,47536625150000000000,166171156030605659082,-71
0xA9b0c16b23F036e5a5CAA249C301f1FF431E2A60,1478894823320000000000,1545589564502875915000,-4
0xe53b7D29fc37EAeABBb2158bBFe8B599F912e12d,1400000000000000000,1400000000000000000,0
0x7C8488Fe200cf2Ad9E98660C9ce11F6E0b835d03,3520000000000000000000,3840000000000000000000,-8
0x1627Cf520C4328076f2313E468C4F449849631B2,6674360583000000000,6674360610493393648,0
0x8cf8DAa0e72ACA8fe5928A943C8C9096d14Fb237,84379244720000000000,84379244781053255126,0
0xdE609F62c9000EE25488E5Bc5443FDbA15B1b809,98000000000000000000,98000000000000000000,0
0xa7DbeE7f9CCDd8c91B75067CD31cF0b6d594fbfb,100000048340000000000,105000050774445351000,-5
0x10E6dAD4bB48ae5F8B73D140d61dc2057Df25a5f,27500000000000000000,30000000000000000000,-8
0x669121522AEf644a79342007133d033c04Cb39be,580018960948000000000,580018961086922242170,0
0x0544A863c353A33717b29C56c90f6b19ebD28C4b,9178306705234000000000,9178306705277005626937,0
0xCB9D245875Ab7377Fea51E6700715c9dE249DFe4,1855157098158000000000,1672392098199834541459,11
0x2b5cf931E84A64459B00b2ca023612f194FAC767,2500000000000000000,2500000000000000000,0
0xcaEFcdf660B66580663be99a7022e9Acf29D3ecf,61071929886000000000,66623923523438671200,-8
0x04EaD9464E267451846238A0a18aDa31F543a315,700000000000000000000,1020000000000000000000,-31
0xa89538f7ED2A93C9de110b8d58092307Ce712B02,406014876904000000000,406014876941556035966,0
0x1EEe213155050E6efE37103a82f3C8263ACb1425,68408303171000000000,101398719686465725184,-33
0x92f624F3ce15B622A341D60e042c9114184FBE3a,230000000000000000000,230000000000000000000,0
0x1Fc4114c349629882185Ab7b03061C2De1B311DC,47707689186000000000,47707689200708016000,0
0x88603E74577F3064B4460a505adaD7c8473DAE72,54150828849000000000,54150828858556101114,0
0x9E05fa03318a1Db76455b53b76EDECA76BaAB9f5,7781540235126000000000,7781540235211688123652,0
